0	1	1	1	1	1	1	1	1	1	1	1	1	1	1	1	1	1	1	1	1	1	1	1	1	1	1	1	1	1	1	1	1	1	1	1	1	1	1	1	1	1	1	1	1	1	1	1	1	1	1	1	1	
0	1	1	1	1	5	6	6	6	6	6	6	6	6	6	6	6	6	6	6	6	6	6	6	6	6	6	6	6	6	6	6	6	6	6	6	6	6	6	6	6	6	6	6	6	6	6	6	6	6	6	6	6	
0	1	1	1	1	5	6	6	6	9	10	10	10	10	14	15	15	15	15	15	15	15	15	15	15	15	15	15	15	15	15	15	15	15	15	15	15	15	15	15	15	15	15	15	15	15	15	15	15	15	15	15	15	
0	1	1	1	1	5	6	6	6	9	10	10	10	10	14	15	15	15	15	15	15	21	22	22	22	22	26	27	27	27	30	31	31	31	31	35	36	36	36	36	36	36	36	36	36	36	36	36	36	36	36	36	36	
0	1	1	1	1	5	6	6	6	9	10	10	10	10	14	15	15	15	15	15	15	21	22	22	22	22	26	27	27	27	30	31	31	31	31	35	36	36	36	36	40	41	41	41	44	45	45	45	45	49	50	50	50	
0	1	1	1	1	5	6	6	6	9	10	11	11	11	14	15	15	15	15	19	20	21	22	22	22	22	26	27	27	27	30	31	32	32	32	35	36	36	36	36	40	41	41	41	44	45	46	46	46	49	50	50	50	
0	1	1	3	4	5	6	6	8	9	10	11	12	13	14	15	15	17	18	19	20	21	22	23	24	25	26	27	27	29	30	31	32	33	34	35	36	36	38	39	40	41	41	43	44	45	46	47	48	49	50	50	52	
0	1	1	3	4	5	6	6	8	9	10	11	12	13	14	15	16	17	18	19	20	21	22	23	24	25	26	27	28	29	30	31	32	33	34	35	36	37	38	39	40	41	41	43	44	45	46	47	48	49	50	51	52	
0	1	1	3	4	5	6	6	8	9	10	11	12	13	14	15	16	17	18	19	20	21	22	23	24	25	26	27	28	29	30	31	32	33	34	35	36	37	38	39	40	41	42	43	44	45	46	47	48	49	50	51	52	
0	1	1	3	4	5	6	6	8	9	10	11	12	13	14	15	16	17	18	19	20	21	22	23	24	25	26	27	28	29	30	31	32	33	34	35	36	37	38	39	40	41	42	43	44	45	46	47	48	49	50	51	52	
52
Container 0 with weight 1 was placed on Ship A
Container 1 with weight 5 was placed on Ship A
Container 2 with weight 9 was placed on Ship A
Container 3 with weight 21 was placed on Ship A
Container 4 with weight 35 was placed on Ship A
Container 5 with weight 5 was placed on Ship A
Container 6 with weight 3 was placed on Ship A
Container 7 with weight 5 was placed on Ship A
Container 8 with weight 10 was placed on Ship A
Container 9 with weight 11 was placed on Ship B
